Data Set 1 (V1)

# 20 (coorcount)
layer1_top = [(0,243),(190,207),(410,190),(630,175),(850,150),(1140,165),(1430,177),
              (1650,210),(1830,250),(2048,300),(2048,750),(1865,600),(1675,485),
              (1420,415),(1120,390),(900,400),(655,395),(445,425),(195,465),(0,500)]

layer1_bottom = [(0,65),(190,73),(410,78),(630,85),(850,113),(1140,135),(1430,195),
              (1650,320),(1830,415),(2048,533),(2048,750),(1865,600),(1675,485),
              (1420,345),(1120,276),(900,235),(655,200),(445,195),(195,211),(0,238)]

# 18
layer2_top = [(0,500),(195,464),(444,424),(654,396),(900,404),(1119,392),(1419,416),
              (1674,485),(1866,600),(2048,752),(2048,1569),(1824,1440),(1554,1281),
              (1284,1167),(1029,1134),(636,1140),(273,1185),(0,1254)]

layer2_bottom = [(0,238),(195,211),(444,195),(654,200),(900,235),(1119,276),
                 (1419,345),(1674,485),(1866,600),(2048,752),(2048,1569),(1824,1380),
                 (1554,1230),(1284,1116),(1029,1040),(636,1019),(273,1024),(0,1062)]

# 16
layer3_top = [(0,1254),(273,1185),(636,1140),(1029,1134),(1284,1167),(1554,1281),
                 (1824,1440),(2048,1569),(2048,1779),(1677,1608),(1398,1476),
                 (1077,1404),(720,1392),(480,1413),(228,1473),(0,1524)]

layer3_bottom = [(0,1062),(273,1024),(636,1019),(1029,1040),(1284,1116),(1554,1230),
                 (1824,1380),(2048,1569),(2048,1839),(1677,1620),(1398,1484),
                 (1077,1385),(720,1316),(480,1315),(228,1325),(0,1365)]

# 15
layer4_top = [(0,1524),(228,1473),(480,1413),(720,1392),(1077,1404),(1398,1476),
              (1677,1608),(2048,1779),(2048,2048),(1680,2048),(1356,1866),(1095,1785),
              (750,1722),(348,1704),(0,1767)]

layer4_bottom = [(0,1365),(228,1325),(480,1315),(720,1316),(1077,1385),(1398,1484),
                 (1677,1620),(2048,1839),(2048,2048),(1780,2048),(1356,1860),(1095,1750),
                 (750,1690),(348,1665),(0,1690)]


straight1_top = [(0, 325), (175, 290), (350, 260), (525, 240), (700, 230), (875, 215), (1050, 215), 
              (1225, 220), (1400, 240), (1575, 270), (1750, 335), (1925, 430), (2048, 525)]

straight1_bottom = [(0, 75), (175, 55), (350, 45), (525, 40), (700, 55), (875, 70), (1050, 95), 
              (1225, 135), (1400, 190), (1575, 275), (1750, 360), (1925, 470), (2048, 590)]

straight2_top = [(0, 675), (175, 630), (350, 590), (525, 560), (700, 555), (875, 560), (1050, 570), 
              (1225, 600), (1400, 650), (1575, 720), (1750, 795), (1925, 885), (2048, 985)]

straight2_bottom = [(0, 355), (175, 330), (350, 325), (525, 335), (700, 355), (875, 375), (1050, 420), 
              (1225, 475), (1400, 560), (1575, 650), (1750, 740), (1925, 860), (2048, 950)]

straight3_top = [(0, 370), (175, 320), (350, 270), (525, 230), (700, 205), (875, 195), (1050, 215), 
              (1225, 265), (1400, 315), (1575, 405), (1750, 485), (1925, 580), (2048, 665)]

straight3_bottom = [(0, 185), (175, 145), (350, 115), (525, 105), (700, 115), (875, 150), (1050, 195), 
              (1225, 250), (1400, 315), (1575, 395), (1750, 490), (1925, 605), (2048, 700)]

straight4_top = [(0, 325), (175, 280), (350, 250), (525, 230), (700, 220), (875, 225), (1050, 260), 
              (1225, 300), (1400, 365), (1575, 440), (1750, 530), (1925, 630), (2048, 700)]

straight4_bottom = [(0, 200), (175, 170), (350, 145), (525, 135), (700, 150), (875, 180), (1050, 230), 
              (1225, 295), (1400, 375), (1575, 460), (1750, 550), (1925, 650), (2048, 734)]



Data Set 3 (V2)

# 20
layer1_top = [(0, 6), (183, 45), (405, 72), (642, 105), (876, 102), (1098, 81), (1335, 0), (2048,
              0), (2048, 18), (1929, 75), (1800, 126), (1644, 177), (1473, 234), (1287, 285), 
              (1086, 330), (870, 345), (642, 333), (399, 297), (177, 252), (0, 201)]

layer1_bottom = [(0, 85), (183, 180), (405, 240), (642, 246), (876, 230), (1098, 220), (1335, 150), (2048, 0), (2048, 
                 120), (1929, 177), (1800, 252), (1644, 321), (1473, 395), (1287, 430), (1086, 460), (870, 490), (642, 490),
                 (399, 490), (177, 440), (0, 340)]

# 23
layer2_top = [(0, 201), (177, 252), (399, 297), (642, 333), (870, 345), (1086, 330), (1287, 
              285), (1473, 234), (1644, 177), (1800, 126), (1929, 75), (2048, 18), (2048, 360),
              (1776, 456), (1548, 540), (1335, 612), (1176, 657), (1011, 681), (831, 696), (615, 
              708), (399, 693), (213, 660), (0, 594)]

layer2_bottom = [(0, 340), (177, 440), (399, 490), (642, 490), (870, 490), (1086, 460), (1287, 
              430), (1473, 395), (1644, 321), (1800, 252), (1929, 177), (2048, 120), (2048, 560),
              (1776, 680), (1548, 790), (1335, 895), (1176, 960), (1011, 1010), (831, 1040), (615, 
              1015), (399, 960), (213, 900), (0, 800)]

# 21
layer3_top = [(0, 594), (213, 660), (399, 693), (615, 708), (831, 696), (1011, 681), (1176, 657),
              (1335, 612), (1548, 540), (1776, 456), (2048, 360), (2048, 747), (1746, 843), (1515,
              897), (1311, 939), (1101, 987), (816, 993), (582, 987), (387, 969), (171, 948), (0, 912)]

layer3_bottom = [(0, 800), (213, 900), (399, 960), (615, 1015), (831, 1040), (1011, 1010), (1176, 960),
              (1335, 895), (1548, 790), (1776, 680), (2048, 560), (2048, 970), (1746, 1110), (1515,
              1210), (1311, 1330), (1101, 1400), (816, 1440), (582, 1440), (387, 1410), (171, 1365), (0, 1270)]

# 20
layer4_top = [(0, 912), (171, 948), (387, 969), (582, 987), (816, 993), (1101, 987), (1311, 939), 
              (1515, 897), (1746, 843), (2048, 747), (2048, 1086), (1815, 1176), (1623, 1233), 
              (1371, 1281), (1161, 1317), (954, 1323), (687, 1332), (423, 1320), (204, 1305), (0, 1272)]

layer4_bottom = [(0, 1270), (171, 1365), (387, 1410), (582, 1440), (816, 1440), (1101, 1400), (1311, 1330), 
              (1515, 1210), (1746, 1110), (2048, 970), (2048, 1300), (1815, 1400), (1623, 1480), 
              (1371, 1545), (1161, 1580), (954, 1605), (687, 1635), (423, 1638), (204, 1593), (0, 1521)]


straight1_top = [(0, 185), (175, 250), (350, 290), (525, 320), (700, 350), (875, 355), (1050, 340), 
              (1225, 315), (1400, 265), (1575, 200), (1750, 130), (1925, 60), (2048, 0)]

straight1_bottom = [(0, 225), (175, 310), (350, 365), (525, 390), (700, 390), (875, 380), (1050, 355), 
              (1225, 320), (1400, 265), (1575, 215), (1750, 155), (1925, 100), (2048, 60)]

straight2_top = [(0, 390), (175, 425), (350, 455), (525, 485), (700, 500), (875, 500), (1050, 480), 
              (1225, 435), (1400, 380), (1575, 320), (1750, 255), (1925, 185), (2048, 135)]

straight2_bottom = [(0, 590), (175, 650), (350, 700), (525, 735), (700, 750), (875, 740), (1050, 700), 
              (1225, 650), (1400, 580), (1575, 510), (1750, 445), (1925, 375), (2048, 310)]

straight3_top = [(0, 395), (175, 460), (350, 495), (525, 515), (700, 520), (875, 510), (1050, 490), 
              (1225, 450), (1400, 410), (1575, 365), (1750, 315), (1925, 255), (2048, 200)]

straight3_bottom = [(0, 685), (175, 760), (350, 830), (525, 870), (700, 895), (875, 900), (1050, 860), 
              (1225, 780), (1400, 700), (1575, 615), (1750, 525), (1925, 445), (2048, 390)]

straight4_top = [(0, 355), (175, 375), (350, 390), (525, 410), (700, 420), (875, 430), (1050, 430), 
              (1225, 410), (1400, 370), (1575, 320), (1750, 270), (1925, 215), (2048, 165)]

straight4_bottom = [(0, 650), (175, 720), (350, 765), (525, 800), (700, 815), (875, 805), (1050, 765), 
              (1225, 715), (1400, 645), (1575, 580), (1750, 510), (1925, 430), (2048, 380)]
